structure(list(sample = c(0.0463807803693718, -0.606506546794606, 
-0.142929832371836, -0.0680591975124616, -0.383116098777613, 
0.0251130307656255, -0.807498204638454, -1.2939996824143, 1.0319081988023, 
-0.945664485142629, -0.240003200738918, -1.14011749209875, -1.09835083744121, 
2.01963316534863, -1.14836120090793, 0.148865887624798, 0.657020056288557, 
-1.24606426231689, -1.1475888564471, -0.176113558190441, -0.310868473733155, 
-0.542542870053393, -0.377649673184608, 0.940477910668069, -0.0326181879727108, 
0.00412047578233422, -1.45499547154332, 0.724254334660714, -0.330955587295283, 
-0.133135968502904, 0.405692285817185, 0.668023822157446, 0.219980535980194, 
-1.79327554543589, 0.355725463708066, -0.331623858417208, 0.119362963964754, 
-1.83321021482518, 0.811133558205362, -0.661400838149223, -0.535001621392981, 
1.30720907606776, 0.248810424837542, -2.31337583831922, -0.426633821986158, 
0.736848071137442, 1.60431335569468, -1.6445871443457, -0.430368574094633, 
-0.883693888127958, -1.90596556453925, 1.07056978338786, -1.14792254430527, 
1.15453208573784, -0.450057677601342, -0.879419113359663, 0.0701558531340177, 
0.237807235772545, -0.0706888534188157, 0.173941234033067), raw_combinations = structure(c(1L, 
1L, 1L, 1L, 1L, 1L, 1L, 1L, 1L, 1L, 1L, 1L, 1L, 1L, 1L, 1L, 1L, 
1L, 1L, 1L, 2L, 2L, 2L, 2L, 2L, 2L, 2L, 2L, 2L, 2L, 2L, 2L, 2L, 
2L, 2L, 2L, 2L, 2L, 2L, 2L, 3L, 3L, 3L, 3L, 3L, 3L, 3L, 3L, 3L, 
3L, 3L, 3L, 3L, 3L, 3L, 3L, 3L, 3L, 3L, 3L, 4L, 6L, 4L, 6L, 4L, 
14L, 4L, 4L, 4L, 6L, 14L, 4L, 6L, 4L, 4L, 14L, 4L, 14L, 6L, 4L, 
14L, 14L, 14L, 14L, 14L, 25L, 14L, 6L, 6L, 14L, 25L, 14L, 14L, 
6L, 25L, 20L, 14L, 25L, 14L, 14L, 25L, 25L, 30L, 26L, 25L, 26L, 
26L, 14L, 14L, 25L, 30L, 25L, 26L, 14L, 47L, 30L, 20L, 26L, 25L, 
20L, 59L, 26L, 59L, 57L, 26L, 59L, 59L, 25L, 26L, 59L, 59L, 30L, 
59L, 59L, 59L, 59L, 30L, 57L, 57L, 59L), .Dim = c(20L, 7L), .Dimnames = list(
    c("11944", "62950", "12104", "63015", "11911", "224718", 
    "11978", "1846", "1847", "62983", "224844", "11915", "63017", 
    "1880", "21096", "221509", "11730", "224716", "62981", "11759"
    ), NULL)), combinations = structure(c(-0.910464356092217, 
-0.946358268997489, -0.888522635312808, -0.968012775143865, -0.926369737561578, 
-0.925784981068151, -0.918088440235233, -0.930666839257016, -0.938473056972833, 
-0.930079138199158, -0.895954836203964, -0.89651922666243, -0.937879886623547, 
-0.922344323688554, -1.02257890144676, -0.86471857642101, -0.865262596598188, 
-0.955486405122938, -0.959931777999732, -0.878691341016849, -0.362398390865313, 
-0.393900641865175, -0.343502150685944, -0.41317215050036, -0.376361960045661, 
-0.37585980111307, -0.369173976163914, -0.38022195982155, -0.387103212732157, 
-0.379718072944689, -0.350032740825247, -0.350522833681808, -0.386596073051579, 
-0.373010040017253, -0.355641275439048, -0.361999804356186, -0.362482680611854, 
-0.402183475817037, -0.406129245108442, -0.374184751729177, -0.276991120338096, 
-0.262439100735595, -0.331987645608048, -0.237172186973563, -0.287532150007671, 
-0.29016280185732, -0.283634480731403, -0.291321554999143, -0.298053420116892, 
-0.29395314797188, -0.338499187653063, -0.338987710843641, -0.300687352586655, 
-0.28740512244868, -0.251709767439573, -0.323239688978452, -0.323717850977196, 
-0.270520788534336, -0.274347673310325, -0.335286793872343, -0.273882196059349, 
-0.218656584550767, -0.258569469354182, -0.21204684750457, -0.245483379473218, 
-0.245000875265456, -0.280520743311857, -0.249239367485755, -0.212204209007466, 
-0.248755424837847, -0.26495955795119, -0.262340888166514, -0.211724358955443, 
-0.284289003587063, -0.247926539307451, -0.311800006296985, -0.312276776927236, 
-0.226671281770903, -0.205380242096698, -0.250605930421032, -0.231981879460821, 
-0.19363915646887, -0.25547782067578, -0.186592136109936, -0.20189501497571, 
-0.201419056661907, -0.195053839020105, -0.180690079418828, -0.187236039961781, 
-0.180216574514374, -0.220126379738866, -0.220598792909657, -0.186760085712733, 
-0.173880741724875, -0.196938338152459, -0.238858908636735, -0.236254875275561, 
-0.176231409374631, -0.179973155776329, -0.247523448207236, -0.138584941070064, 
-0.168293771088243, -0.120932382422894, -0.158136487210257, -0.151755533246123, 
-0.151287104642011, -0.145014025280175, -0.155437033909252, -0.16194055936162, 
-0.154967374191494, -0.127094782188141, -0.127554534166689, -0.161468551986225, 
-0.148678647593763, -0.0832842594122635, -0.102116201152241, 
-0.102567468676509, -0.147854622974738, -0.151570746623552, -0.1133769252665, 
2.19430288388586, 2.18328752370614, 2.19899210405966, 2.17513258344255, 
2.18939777530996, 2.18951462060792, 2.19148550474269, 2.18757683489154, 
2.18501049815275, 2.18768973265944, 2.19666748456047, 2.19652398643074, 
2.18511630891618, 2.18960787906019, 2.15807908119755, 2.20273318584161, 
2.20256224906654, 2.17894798359458, 2.17733284091508, 2.19966919051314
), .Dim = c(20L, 7L), .Dimnames = list(c("11944", "62950", "12104", 
"63015", "11911", "224718", "11978", "1846", "1847", "62983", 
"224844", "11915", "63017", "1880", "21096", "221509", "11730", 
"224716", "62981", "11759"), NULL)), report = structure(c(193.678948052303, 
178.316698372267, 173.410729533489, 168.278057421919, 166.770252636837, 
164.92875640063, 162.852353740525, 151.123204179672, 149.800366526342, 
149.502011490482, 148.35769171577, 148.238402195303, 148.038833708239, 
147.075422588306, 144.538648556596, 143.344612843191, 141.494829956204, 
140.412310389345, 139.964514455365, 138.542735129048, -3.17361464488971e-17, 
2.77555756156289e-17, -1.98331554552527e-17, -1.58680732244486e-17, 
-1.98292833046367e-17, -2.77555756156289e-17, 1.18875023911804e-17, 
-3.97089045672816e-18, 3.17264660723571e-17, -4.36236488400775e-17, 
7.92242016037622e-18, -1.98292833046367e-17, -5.15460690004537e-17, 
-3.97282653203617e-18, 2.0096461697142e-18, 1.58680732244486e-17, 
-1.38777878078145e-17, 3.17245299970491e-17, 3.96314615549612e-18, 
-3.76682811926392e-17, 1, 1, 1, 1, 1, 1, 1, 1, 1, 1, 1, 1, 1, 
1, 1, 1, 1, 1, 1, 1, 1.74732109269442, 1.70262513224769, 1.76763204811213, 
1.67060106045725, 1.72751733566156, 1.72804243872086, 1.73635702885636, 
1.72058518345401, 1.71027425453473, 1.72109993443128, 1.75834691251291, 
1.75774729410008, 1.7107698505412, 1.72927811310941, 1.60167378304792, 
1.78489235483414, 1.78421514069111, 1.68638274017036, 1.67996886067551, 
1.77181946078261, 4.64781844254277, 4.58057686195596, 4.67463537762398, 
4.53026313860994, 4.61736464504435, 4.61797595597508, 4.62945716610567, 
4.60536781719598, 4.58959699860372, 4.60593947184482, 4.65967551731427, 
4.65880711171163, 4.5900992075015, 4.61687814014899, 4.4351330743826, 
4.69432565310456, 4.69319365021983, 4.55210539178585, 4.54228265501415, 
4.67595221586165, -0.26736178851376, -0.194366210197543, -0.315837127325439, 
-0.215900304145958, -0.239279434784118, -0.239845741946074, -0.233409899312741, 
-0.251403626154593, -0.201207953129116, -0.2519680642311, -0.28166477117129, 
-0.282145559447151, -0.201712515226632, -0.245498368214608, -0.267104220169403, 
-0.313628284131555, -0.315270337726229, -0.219237790799196, -0.223018369712374, 
-0.270393172898806, 3.01225146736914, 2.94744823288792, 2.74872231525231, 
2.94091376931661, 2.64094448731887, 2.61059242880174, 2.4613536197733, 
2.40236647749423, 2.49615656554465, 2.37834049151716, 2.41301598534707, 
2.40687859270964, 2.4681576557851, 2.29555717817981, 2.39299175816675, 
2.52982464014532, 2.49618128609053, 2.44555955106811, 2.42914993668714, 
2.30632644034173), .Dim = c(20L, 7L), .Dimnames = list(c("11944", 
"62950", "12104", "63015", "11911", "224718", "11978", "1846", 
"1847", "62983", "224844", "11915", "63017", "1880", "21096", 
"221509", "11730", "224716", "62981", "11759"), c("chisq", "mean", 
"sd", "skew", "kurt", "peak_x", "peak_y")))), .Names = c("sample", 
"raw_combinations", "combinations", "report"))
